free_thresh: 0.196
image: escritorio_novo.png
negate: 0
occupied_thresh: 0.65
origin: [-13.000000, -15.500000, 0.000000]
resolution: 0.1